%YAML:1.0
num_components: 1
mean: !!opencv-matrix
   rows: 1
   cols: 4096
   dt: d
   data: [ 42., 45., 40., 40., 38., 38., 29., 26., 31., 32., 33., 40.,
       54., 67., 73., 80., 84., 91., 91., 102., 107., 110., 105., 103.,
       104., 99., 97., 97., 107., 104., 111., 111., 115., 115., 116.,
       113., 113., 115., 114., 116., 122., 129., 142., 163., 78., 74.,
       77., 73., 73., 73., 75., 81., 95., 103., 126., 180., 197., 216.,
       215., 219., 219., 224., 225., 224., 51., 39., 38., 39., 37., 33.,
       35., 29., 30., 32., 37., 53., 71., 78., 85., 86., 95., 107., 108.,
       114., 115., 115., 114., 114., 108., 107., 104., 105., 108., 113.,
       116., 117., 116., 121., 120., 115., 118., 118., 118., 118., 123.,
       136., 149., 164., 153., 80., 74., 66., 67., 68., 78., 83., 92.,
       102., 132., 150., 195., 215., 219., 219., 223., 219., 226., 231.,
       47., 39., 39., 40., 37., 33., 31., 33., 39., 42., 51., 73., 84.,
       89., 91., 98., 102., 108., 113., 111., 113., 120., 119., 118.,
       112., 116., 112., 115., 113., 118., 122., 119., 122., 123., 120.,
       118., 117., 124., 124., 123., 118., 132., 145., 189., 192., 99.,
       84., 75., 68., 71., 74., 90., 101., 127., 124., 124., 188., 215.,
       217., 218., 217., 222., 224., 227., 41., 37., 37., 41., 39., 38.,
       39., 36., 42., 52., 67., 81., 84., 88., 97., 102., 102., 111.,
       115., 116., 121., 126., 123., 122., 124., 120., 119., 121., 122.,
       124., 121., 121., 122., 120., 117., 123., 123., 122., 122., 123.,
       120., 122., 138., 176., 200., 204., 79., 75., 73., 76., 86., 94.,
       107., 118., 118., 121., 193., 212., 217., 215., 221., 223., 225.,
       224., 40., 37., 38., 36., 38., 39., 38., 38., 43., 61., 76., 89.,
       89., 93., 100., 107., 110., 111., 117., 118., 125., 126., 130.,
       126., 129., 130., 131., 129., 130., 128., 126., 125., 129., 124.,
       122., 120., 119., 123., 125., 127., 124., 122., 130., 169., 194.,
       199., 147., 82., 83., 79., 92., 89., 106., 118., 125., 127., 188.,
       209., 218., 217., 218., 218., 225., 227., 42., 37., 38., 37., 37.,
       38., 40., 40., 46., 71., 86., 95., 96., 98., 101., 113., 113.,
       114., 122., 124., 129., 131., 130., 132., 133., 136., 135., 129.,
       131., 132., 132., 130., 129., 124., 130., 125., 127., 124., 128.,
       125., 119., 124., 130., 167., 203., 219., 223., 148., 94., 83.,
       86., 110., 117., 130., 151., 156., 191., 198., 217., 218., 219.,
       219., 224., 225., 33., 37., 39., 39., 37., 36., 38., 45., 54.,
       75., 91., 93., 99., 100., 105., 110., 116., 115., 119., 127.,
       128., 132., 135., 134., 135., 134., 137., 130., 131., 133., 131.,
       132., 129., 127., 127., 129., 123., 125., 127., 123., 124., 123.,
       124., 155., 196., 233., 242., 231., 102., 90., 95., 104., 120.,
       152., 166., 162., 197., 199., 206., 216., 222., 221., 220., 224.,
       38., 38., 36., 36., 32., 31., 41., 47., 66., 78., 92., 94., 96.,
       102., 109., 110., 117., 118., 122., 125., 135., 132., 132., 131.,
       137., 138., 137., 137., 135., 134., 132., 131., 135., 133., 129.,
       126., 123., 124., 127., 125., 123., 126., 124., 141., 176., 222.,
       249., 251., 159., 108., 102., 98., 115., 131., 166., 174., 197.,
       193., 201., 213., 218., 215., 221., 220., 38., 32., 36., 38., 31.,
       35., 39., 56., 68., 75., 98., 97., 102., 105., 113., 113., 117.,
       117., 118., 124., 131., 130., 136., 135., 134., 137., 137., 136.,
       138., 135., 136., 136., 131., 132., 131., 130., 128., 124., 128.,
       123., 124., 122., 122., 136., 178., 205., 238., 245., 223., 106.,
       103., 106., 105., 120., 134., 164., 176., 191., 210., 218., 217.,
       221., 223., 221., 30., 36., 34., 30., 30., 34., 43., 55., 63.,
       88., 100., 99., 105., 107., 110., 117., 118., 121., 124., 126.,
       130., 132., 133., 134., 132., 137., 135., 137., 131., 136., 132.,
       136., 136., 131., 130., 129., 124., 128., 125., 123., 122., 122.,
       122., 128., 163., 198., 223., 230., 241., 125., 104., 107., 103.,
       118., 128., 130., 154., 203., 208., 215., 219., 218., 219., 221.,
       39., 36., 37., 36., 35., 33., 46., 52., 74., 87., 101., 101.,
       101., 108., 113., 113., 115., 121., 124., 126., 127., 130., 132.,
       130., 132., 135., 137., 135., 133., 136., 134., 135., 133., 135.,
       130., 129., 130., 129., 125., 123., 124., 122., 124., 131., 164.,
       190., 205., 218., 230., 121., 100., 95., 98., 100., 124., 117.,
       143., 199., 210., 211., 216., 218., 219., 222., 37., 33., 34.,
       33., 33., 30., 48., 62., 70., 85., 100., 99., 103., 109., 109.,
       115., 118., 117., 119., 123., 124., 125., 130., 132., 136., 133.,
       138., 135., 141., 140., 136., 135., 133., 136., 136., 131., 131.,
       130., 128., 126., 122., 124., 125., 140., 172., 186., 198., 208.,
       218., 114., 103., 87., 89., 92., 118., 119., 149., 204., 210.,
       212., 215., 214., 218., 220., 38., 32., 27., 30., 31., 33., 39.,
       61., 70., 89., 96., 98., 103., 110., 114., 118., 114., 118., 122.,
       122., 127., 126., 130., 129., 134., 136., 135., 139., 135., 140.,
       136., 137., 139., 134., 137., 135., 137., 129., 129., 124., 128.,
       127., 128., 139., 173., 199., 202., 198., 200., 126., 99., 87.,
       87., 96., 101., 100., 204., 206., 214., 213., 214., 214., 217.,
       221., 37., 32., 30., 27., 30., 33., 41., 51., 64., 84., 97., 101.,
       106., 109., 112., 116., 116., 117., 118., 123., 128., 135., 131.,
       131., 137., 137., 136., 138., 137., 140., 140., 139., 140., 136.,
       133., 136., 136., 131., 132., 128., 126., 126., 134., 141., 159.,
       200., 210., 194., 188., 136., 87., 85., 78., 99., 97., 103., 203.,
       209., 211., 216., 215., 216., 216., 218., 41., 32., 31., 30., 30.,
       35., 42., 47., 70., 82., 96., 102., 105., 111., 111., 115., 114.,
       118., 124., 127., 132., 138., 140., 139., 141., 141., 139., 138.,
       138., 139., 141., 140., 141., 141., 138., 136., 138., 137., 136.,
       130., 128., 130., 129., 132., 155., 199., 217., 217., 185., 144.,
       86., 76., 82., 97., 102., 185., 206., 209., 214., 213., 214.,
       211., 215., 219., 38., 36., 35., 32., 33., 34., 38., 49., 68.,
       88., 96., 98., 103., 109., 110., 113., 118., 124., 129., 131.,
       138., 140., 138., 144., 145., 142., 141., 144., 141., 145., 141.,
       141., 143., 141., 138., 140., 140., 137., 136., 132., 131., 131.,
       127., 133., 145., 167., 218., 228., 206., 121., 86., 77., 80.,
       100., 151., 201., 208., 209., 211., 209., 214., 216., 216., 219.,
       33., 36., 35., 33., 35., 37., 38., 48., 70., 93., 100., 103.,
       104., 105., 109., 106., 105., 119., 125., 129., 133., 140., 142.,
       145., 143., 149., 150., 145., 145., 146., 142., 145., 146., 144.,
       143., 144., 141., 144., 142., 132., 132., 130., 127., 128., 135.,
       136., 170., 227., 222., 138., 85., 80., 73., 171., 200., 207.,
       210., 209., 209., 207., 212., 212., 213., 215., 40., 39., 38.,
       35., 39., 34., 38., 46., 75., 94., 94., 96., 98., 92., 83., 77.,
       86., 96., 103., 106., 121., 128., 134., 142., 146., 150., 149.,
       148., 150., 149., 150., 148., 144., 147., 144., 143., 145., 143.,
       139., 131., 123., 122., 119., 114., 114., 112., 118., 147., 198.,
       163., 81., 82., 104., 182., 198., 202., 209., 207., 208., 209.,
       214., 215., 215., 215., 39., 41., 38., 34., 38., 34., 36., 49.,
       75., 94., 96., 92., 73., 62., 66., 66., 65., 73., 76., 74., 84.,
       97., 113., 127., 133., 136., 143., 146., 152., 152., 150., 151.,
       151., 153., 147., 146., 147., 140., 133., 125., 119., 105., 73.,
       67., 78., 76., 85., 84., 138., 169., 85., 102., 167., 188., 202.,
       208., 207., 208., 209., 208., 208., 215., 210., 214., 46., 42.,
       39., 38., 33., 35., 35., 53., 80., 94., 95., 79., 51., 52., 58.,
       61., 66., 66., 65., 62., 63., 65., 62., 70., 80., 88., 108., 128.,
       146., 147., 152., 150., 152., 153., 152., 147., 138., 134., 118.,
       99., 80., 64., 65., 63., 66., 68., 74., 79., 108., 140., 97.,
       111., 163., 184., 200., 205., 203., 208., 208., 210., 210., 209.,
       214., 214., 44., 42., 39., 37., 35., 27., 30., 45., 71., 90., 93.,
       64., 66., 84., 93., 95., 102., 90., 70., 66., 60., 51., 61., 70.,
       73., 72., 98., 105., 124., 142., 145., 145., 147., 151., 147.,
       143., 135., 109., 80., 74., 67., 61., 64., 64., 82., 84., 89.,
       95., 104., 137., 105., 112., 172., 197., 200., 207., 206., 209.,
       209., 207., 210., 207., 209., 214., 123., 52., 38., 37., 35., 35.,
       32., 39., 74., 95., 88., 82., 89., 97., 107., 114., 116., 116.,
       118., 126., 114., 109., 102., 91., 74., 70., 78., 86., 112., 123.,
       131., 137., 142., 140., 139., 133., 120., 101., 71., 69., 72.,
       92., 106., 106., 111., 117., 115., 107., 111., 142., 107., 116.,
       171., 192., 198., 205., 208., 205., 206., 206., 208., 210., 210.,
       210., 143., 122., 37., 30., 31., 32., 39., 39., 71., 91., 90.,
       90., 96., 108., 114., 117., 119., 123., 129., 130., 128., 123.,
       115., 110., 109., 110., 100., 99., 108., 114., 123., 138., 141.,
       136., 128., 120., 110., 88., 89., 99., 103., 108., 109., 115.,
       114., 117., 115., 115., 117., 133., 126., 134., 167., 190., 197.,
       204., 206., 205., 205., 206., 207., 207., 210., 213., 146., 148.,
       33., 34., 32., 34., 38., 40., 72., 82., 89., 77., 87., 87., 83.,
       106., 88., 90., 90., 95., 98., 110., 123., 107., 102., 104., 104.,
       112., 115., 118., 130., 143., 145., 132., 129., 121., 106., 98.,
       97., 95., 96., 112., 116., 111., 101., 108., 108., 99., 117.,
       138., 125., 134., 163., 193., 199., 201., 203., 201., 206., 208.,
       207., 207., 205., 210., 144., 126., 36., 34., 32., 34., 40., 70.,
       75., 61., 40., 39., 42., 96., 97., 96., 96., 105., 98., 105.,
       101., 121., 122., 123., 119., 119., 119., 105., 82., 66., 104.,
       135., 137., 130., 124., 113., 94., 96., 95., 83., 78., 81., 82.,
       71., 75., 75., 89., 93., 106., 138., 138., 94., 101., 72., 65.,
       114., 205., 207., 204., 205., 203., 204., 206., 205., 139., 114.,
       67., 36., 36., 31., 43., 92., 89., 40., 37., 37., 98., 85., 85.,
       75., 65., 70., 54., 60., 74., 89., 118., 106., 110., 112., 117.,
       111., 114., 116., 79., 62., 96., 92., 57., 51., 73., 102., 108.,
       135., 124., 72., 72., 63., 81., 99., 93., 102., 116., 148., 143.,
       116., 108., 94., 73., 76., 210., 202., 206., 207., 207., 208.,
       204., 209., 148., 81., 76., 52., 39., 29., 31., 45., 83., 55.,
       40., 34., 84., 75., 72., 66., 74., 101., 75., 54., 52., 71., 120.,
       120., 107., 107., 118., 109., 115., 112., 107., 98., 120., 124.,
       119., 99., 87., 105., 117., 139., 134., 62., 66., 74., 112., 108.,
       103., 113., 119., 138., 130., 143., 169., 178., 73., 72., 207.,
       202., 203., 203., 203., 203., 206., 206., 140., 105., 91., 87.,
       65., 46., 35., 64., 95., 99., 102., 104., 97., 92., 85., 86.,
       100., 110., 116., 76., 67., 111., 113., 109., 113., 128., 127.,
       117., 116., 111., 102., 111., 128., 132., 125., 111., 95., 106.,
       110., 116., 115., 110., 101., 107., 108., 109., 114., 153., 131.,
       119., 133., 172., 175., 183., 116., 188., 198., 198., 198., 202.,
       203., 204., 204., 205., 145., 88., 103., 100., 97., 70., 52., 88.,
       103., 104., 109., 110., 108., 110., 107., 104., 110., 119., 117.,
       113., 119., 121., 118., 118., 126., 129., 119., 118., 120., 72.,
       98., 111., 130., 133., 128., 112., 94., 104., 106., 107., 109.,
       116., 112., 119., 119., 123., 164., 164., 130., 128., 204., 203.,
       181., 184., 186., 195., 194., 198., 199., 201., 205., 202., 203.,
       204., 148., 90., 110., 112., 105., 85., 77., 91., 104., 108.,
       112., 109., 108., 114., 115., 113., 117., 123., 121., 123., 121.,
       124., 125., 123., 116., 116., 116., 123., 116., 78., 102., 118.,
       131., 136., 131., 122., 95., 101., 106., 106., 111., 113., 113.,
       118., 119., 123., 141., 130., 124., 180., 211., 218., 185., 175.,
       195., 195., 195., 199., 198., 201., 198., 199., 199., 202., 151.,
       89., 116., 111., 110., 97., 83., 97., 107., 112., 116., 116.,
       115., 119., 121., 122., 124., 127., 129., 129., 128., 125., 126.,
       125., 123., 124., 126., 123., 121., 111., 105., 120., 134., 135.,
       131., 118., 86., 110., 117., 111., 114., 119., 119., 118., 123.,
       129., 130., 126., 157., 212., 216., 218., 186., 144., 194., 197.,
       199., 198., 200., 196., 196., 196., 194., 199., 151., 141., 128.,
       115., 116., 103., 91., 99., 109., 108., 117., 118., 112., 119.,
       121., 124., 123., 130., 131., 131., 132., 131., 133., 127., 129.,
       130., 130., 132., 124., 116., 111., 125., 130., 137., 131., 119.,
       107., 112., 124., 121., 120., 117., 122., 122., 127., 129., 130.,
       145., 178., 201., 214., 217., 193., 162., 197., 195., 198., 198.,
       198., 198., 201., 197., 201., 202., 151., 151., 146., 119., 114.,
       103., 96., 101., 104., 110., 116., 119., 118., 112., 120., 123.,
       128., 129., 131., 131., 137., 135., 134., 130., 135., 136., 131.,
       129., 122., 115., 111., 124., 132., 139., 136., 130., 110., 116.,
       126., 130., 130., 129., 126., 122., 122., 124., 135., 161., 178.,
       189., 208., 217., 150., 191., 194., 194., 193., 196., 197., 199.,
       201., 200., 200., 200., 152., 151., 151., 129., 115., 104., 101.,
       103., 111., 109., 117., 121., 126., 123., 120., 116., 115., 119.,
       124., 125., 124., 128., 130., 133., 131., 131., 122., 119., 116.,
       113., 118., 122., 131., 130., 135., 126., 117., 114., 118., 125.,
       130., 135., 130., 127., 121., 123., 138., 152., 184., 170., 156.,
       169., 187., 193., 191., 197., 195., 198., 197., 201., 201., 202.,
       196., 202., 152., 150., 151., 140., 118., 100., 97., 99., 108.,
       112., 115., 118., 123., 130., 127., 130., 125., 122., 124., 118.,
       114., 111., 121., 121., 127., 122., 120., 121., 119., 119., 118.,
       124., 127., 135., 131., 129., 150., 126., 120., 123., 127., 121.,
       116., 108., 104., 107., 113., 119., 143., 158., 184., 190., 188.,
       193., 199., 197., 199., 199., 197., 202., 199., 197., 201., 197.,
       151., 149., 152., 56., 107., 95., 84., 94., 102., 109., 115.,
       119., 129., 128., 132., 134., 132., 133., 129., 133., 135., 139.,
       138., 143., 144., 144., 139., 121., 112., 110., 120., 130., 131.,
       131., 131., 135., 159., 161., 121., 130., 132., 135., 131., 130.,
       127., 122., 121., 125., 137., 154., 178., 189., 189., 195., 194.,
       194., 195., 197., 197., 199., 201., 197., 197., 201., 151., 152.,
       82., 46., 80., 93., 81., 95., 103., 108., 113., 124., 127., 129.,
       131., 131., 138., 132., 137., 140., 143., 143., 148., 151., 152.,
       147., 137., 114., 107., 110., 124., 131., 136., 137., 134., 133.,
       143., 155., 116., 123., 137., 137., 137., 134., 133., 129., 129.,
       130., 140., 155., 181., 180., 185., 195., 196., 195., 197., 198.,
       197., 199., 197., 197., 197., 201., 148., 143., 40., 41., 32.,
       94., 81., 90., 99., 103., 109., 117., 123., 128., 130., 134.,
       138., 136., 135., 142., 146., 144., 148., 153., 152., 148., 137.,
       107., 109., 118., 125., 131., 140., 145., 143., 139., 140., 144.,
       152., 128., 134., 140., 139., 133., 132., 130., 130., 136., 143.,
       155., 174., 185., 195., 195., 194., 197., 200., 199., 197., 199.,
       202., 203., 204., 207., 150., 47., 38., 36., 37., 51., 83., 83.,
       95., 100., 108., 115., 123., 125., 130., 134., 137., 135., 140.,
       143., 145., 144., 148., 147., 150., 145., 131., 113., 117., 123.,
       129., 135., 143., 148., 153., 145., 132., 129., 133., 127., 138.,
       142., 135., 133., 132., 131., 130., 132., 149., 160., 172., 191.,
       195., 203., 205., 203., 208., 207., 215., 210., 213., 214., 212.,
       216., 102., 39., 35., 32., 33., 33., 86., 81., 92., 96., 108.,
       115., 117., 125., 126., 130., 134., 138., 140., 140., 146., 146.,
       150., 149., 146., 147., 129., 114., 116., 128., 126., 126., 129.,
       135., 140., 135., 122., 118., 123., 128., 133., 142., 142., 132.,
       130., 124., 126., 138., 146., 161., 178., 207., 216., 216., 218.,
       221., 221., 223., 223., 224., 224., 223., 225., 228., 37., 37.,
       35., 29., 31., 34., 41., 67., 94., 94., 100., 113., 119., 122.,
       124., 131., 134., 140., 139., 134., 141., 146., 146., 146., 147.,
       142., 133., 112., 114., 108., 97., 108., 114., 122., 123., 119.,
       99., 98., 110., 117., 131., 138., 142., 137., 130., 126., 130.,
       129., 152., 162., 173., 206., 219., 218., 222., 224., 227., 227.,
       224., 227., 230., 227., 228., 230., 42., 39., 34., 33., 31., 32.,
       36., 47., 80., 86., 99., 108., 110., 119., 123., 122., 131., 134.,
       135., 136., 141., 147., 150., 146., 137., 132., 132., 119., 105.,
       101., 109., 106., 104., 103., 103., 89., 89., 96., 109., 121.,
       126., 132., 138., 130., 124., 128., 127., 137., 152., 152., 169.,
       221., 224., 222., 225., 224., 228., 226., 225., 229., 227., 227.,
       230., 227., 38., 36., 33., 33., 33., 31., 32., 41., 66., 85., 88.,
       103., 111., 118., 125., 124., 130., 131., 135., 138., 137., 146.,
       150., 146., 139., 132., 131., 128., 119., 103., 87., 97., 110.,
       113., 92., 68., 70., 93., 109., 117., 120., 127., 126., 129.,
       118., 122., 128., 141., 149., 152., 203., 219., 223., 224., 223.,
       227., 224., 229., 230., 231., 231., 229., 229., 231., 34., 32.,
       32., 33., 30., 32., 33., 34., 50., 81., 80., 90., 109., 116.,
       119., 126., 130., 130., 129., 132., 137., 148., 145., 139., 130.,
       131., 121., 115., 100., 87., 67., 73., 78., 95., 77., 57., 59.,
       71., 71., 100., 109., 116., 124., 126., 121., 121., 129., 140.,
       137., 153., 208., 220., 224., 225., 225., 230., 229., 230., 229.,
       230., 231., 230., 231., 234., 34., 29., 33., 33., 31., 30., 31.,
       37., 59., 71., 77., 84., 108., 109., 111., 123., 125., 128., 133.,
       131., 137., 141., 135., 131., 126., 120., 111., 100., 84., 81.,
       70., 72., 67., 76., 68., 61., 52., 59., 60., 68., 88., 109., 122.,
       125., 124., 117., 128., 131., 131., 147., 206., 222., 223., 226.,
       226., 225., 231., 231., 231., 229., 231., 232., 231., 232., 33.,
       33., 33., 31., 35., 32., 34., 34., 41., 73., 79., 84., 97., 111.,
       110., 118., 124., 128., 130., 130., 134., 134., 128., 123., 114.,
       103., 93., 77., 73., 80., 81., 72., 58., 70., 66., 62., 56., 60.,
       60., 61., 68., 83., 106., 118., 119., 122., 130., 129., 125.,
       200., 216., 222., 222., 223., 229., 229., 231., 231., 230., 231.,
       231., 230., 231., 230., 31., 35., 32., 35., 35., 33., 34., 36.,
       38., 58., 72., 77., 86., 100., 104., 109., 118., 122., 128., 129.,
       134., 127., 120., 111., 87., 76., 73., 74., 69., 68., 60., 56.,
       53., 60., 62., 58., 55., 53., 51., 53., 67., 76., 88., 108., 118.,
       121., 126., 123., 109., 203., 218., 222., 222., 224., 224., 223.,
       228., 229., 230., 230., 232., 231., 232., 233., 30., 32., 31.,
       33., 34., 36., 25., 32., 39., 47., 72., 75., 78., 93., 96., 99.,
       108., 121., 124., 130., 131., 112., 111., 88., 84., 64., 63., 69.,
       74., 69., 70., 81., 113., 121., 112., 122., 111., 86., 66., 67.,
       68., 68., 86., 100., 114., 121., 117., 112., 174., 213., 221.,
       225., 226., 222., 226., 225., 229., 229., 231., 228., 231., 227.,
       229., 230., 32., 33., 31., 38., 80., 104., 125., 142., 135., 45.,
       66., 73., 81., 87., 90., 99., 103., 113., 122., 127., 128., 114.,
       110., 94., 74., 70., 75., 86., 101., 105., 104., 107., 108., 109.,
       110., 106., 103., 96., 94., 86., 69., 65., 83., 101., 115., 117.,
       106., 104., 197., 217., 220., 221., 219., 224., 224., 226., 228.,
       229., 228., 228., 229., 232., 231., 231., 31., 33., 31., 41., 85.,
       88., 103., 121., 133., 115., 95., 74., 75., 77., 85., 90., 93.,
       107., 109., 126., 127., 113., 110., 88., 86., 89., 86., 89., 86.,
       92., 99., 98., 102., 102., 99., 95., 94., 87., 84., 90., 97., 94.,
       92., 102., 113., 116., 105., 108., 207., 215., 219., 222., 222.,
       225., 227., 229., 230., 229., 226., 227., 230., 230., 230., 228.,
       33., 34., 34., 53., 81., 83., 91., 97., 120., 124., 110., 66.,
       64., 68., 82., 89., 87., 92., 104., 115., 124., 118., 112., 109.,
       111., 109., 104., 102., 107., 109., 106., 103., 101., 96., 91.,
       99., 104., 102., 95., 96., 100., 103., 107., 107., 107., 100.,
       99., 148., 216., 218., 222., 219., 220., 226., 224., 224., 229.,
       226., 229., 230., 230., 231., 230., 230., 35., 32., 31., 48., 82.,
       85., 82., 85., 100., 117., 112., 57., 63., 68., 82., 84., 86.,
       79., 86., 110., 115., 117., 112., 117., 117., 118., 115., 112.,
       113., 112., 113., 111., 112., 113., 109., 108., 109., 107., 102.,
       100., 107., 107., 108., 104., 101., 95., 93., 94., 223., 215.,
       219., 220., 222., 226., 224., 224., 224., 229., 225., 228., 231.,
       230., 231., 232., 33., 33., 32., 30., 76., 79., 86., 87., 98.,
       116., 116., 92., 52., 60., 74., 83., 83., 81., 91., 99., 116.,
       115., 118., 118., 118., 115., 112., 111., 112., 113., 115., 113.,
       110., 111., 103., 99., 103., 108., 101., 100., 103., 107., 98.,
       95., 91., 89., 77., 95., 103., 223., 215., 223., 222., 225., 223.,
       226., 226., 228., 228., 225., 231., 231., 233., 231., 33., 33.,
       30., 37., 76., 83., 81., 85., 88., 104., 108., 96., 75., 60., 68.,
       82., 88., 89., 85., 107., 110., 108., 117., 117., 115., 110.,
       107., 107., 106., 109., 102., 95., 59., 56., 66., 77., 93., 87.,
       96., 100., 107., 106., 100., 96., 92., 69., 66., 72., 100., 128.,
       220., 220., 222., 220., 222., 225., 229., 228., 229., 227., 230.,
       230., 230., 232., 34., 33., 32., 28., 76., 81., 81., 82., 88.,
       96., 101., 89., 93., 69., 60., 69., 88., 91., 93., 102., 105.,
       102., 110., 112., 115., 109., 108., 101., 93., 86., 73., 63., 53.,
       55., 51., 64., 74., 83., 96., 103., 104., 107., 103., 98., 85.,
       54., 59., 61., 74., 91., 111., 229., 221., 224., 224., 225., 225.,
       231., 230., 230., 230., 230., 229., 231., 35., 33., 50., 169.,
       131., 153., 152., 148., 98., 85., 98., 88., 96., 87., 69., 62.,
       85., 96., 97., 100., 99., 98., 116., 116., 113., 110., 110., 103.,
       96., 82., 79., 67., 57., 72., 61., 81., 80., 97., 104., 108.,
       107., 101., 102., 98., 67., 52., 52., 57., 67., 75., 82., 79.,
       202., 220., 223., 224., 228., 226., 228., 228., 229., 231., 230.,
       229., 55., 122., 142., 146., 88., 99., 129., 133., 136., 114.,
       103., 94., 100., 103., 92., 65., 66., 81., 90., 94., 96., 102.,
       116., 119., 116., 117., 117., 117., 118., 112., 113., 114., 112.,
       107., 109., 117., 109., 111., 111., 109., 108., 100., 100., 119.,
       156., 108., 56., 49., 57., 55., 62., 78., 89., 138., 224., 221.,
       224., 227., 226., 228., 229., 230., 230., 229., 101., 127., 143.,
       141., 137., 136., 133., 129., 122., 106., 90., 91., 101., 107.,
       98., 85., 74., 68., 80., 84., 94., 104., 115., 120., 123., 124.,
       125., 127., 129., 128., 127., 121., 117., 115., 119., 118., 118.,
       117., 117., 113., 108., 103., 92., 204., 216., 182., 170., 180.,
       171., 132., 65., 62., 75., 81., 83., 171., 232., 222., 224., 224.,
       227., 230., 230., 230., 100., 134., 140., 141., 122., 121., 116.,
       117., 114., 101., 92., 91., 102., 108., 110., 108., 103., 71.,
       67., 75., 89., 100., 106., 116., 118., 123., 123., 126., 125.,
       127., 120., 120., 119., 120., 119., 111., 115., 116., 110., 106.,
       107., 108., 122., 158., 217., 197., 173., 151., 158., 173., 172.,
       173., 178., 132., 84., 76., 98., 133., 220., 229., 227., 230.,
       230., 230., 107., 120., 140., 140., 119., 122., 117., 116., 111.,
       97., 98., 95., 102., 108., 114., 114., 109., 105., 69., 62., 76.,
       84., 96., 112., 120., 121., 116., 118., 117., 121., 117., 117.,
       118., 116., 118., 109., 111., 108., 103., 105., 104., 127., 184.,
       142., 208., 195., 169., 128., 150., 163., 173., 154., 153., 166.,
       161., 174., 180., 186., 201., 223., 231., 225., 224., 230., 100.,
       112., 136., 136., 125., 123., 125., 121., 114., 98., 98., 96.,
       102., 108., 113., 118., 117., 114., 105., 60., 59., 68., 75., 95.,
       106., 108., 108., 105., 112., 109., 109., 108., 111., 113., 118.,
       111., 98., 96., 97., 96., 107., 159., 192., 162., 204., 193.,
       175., 102., 137., 163., 164., 139., 134., 160., 150., 157., 169.,
       165., 173., 171., 176., 178., 187., 218., 92., 108., 135., 135.,
       125., 122., 122., 119., 114., 106., 102., 95., 103., 110., 115.,
       118., 117., 118., 116., 102., 87., 58., 58., 74., 88., 102., 102.,
       98., 100., 101., 112., 112., 105., 110., 109., 107., 95., 84.,
       87., 94., 121., 158., 195., 167., 201., 192., 168., 105., 118.,
       162., 162., 115., 125., 145., 136., 138., 152., 157., 158., 153.,
       177., 165., 169., 176., 67., 107., 131., 131., 132., 122., 123.,
       123., 119., 110., 103., 95., 100., 111., 116., 122., 121., 122.,
       122., 117., 107., 92., 61., 50., 50., 74., 83., 81., 87., 86.,
       97., 93., 92., 94., 94., 82., 80., 78., 97., 105., 125., 154.,
       197., 190., 195., 184., 146., 101., 131., 159., 166., 102., 141.,
       138., 129., 105., 145., 144., 150., 144., 114., 162., 150., 152.,
       67., 109., 124., 133., 131., 119., 123., 120., 118., 114., 108.,
       96., 102., 111., 117., 122., 121., 126., 122., 123., 114., 107.,
       99., 78., 54., 56., 49., 46., 54., 55., 54., 55., 52., 64., 64.,
       76., 87., 97., 102., 107., 123., 160., 175., 177., 189., 175.,
       117., 91., 117., 154., 165., 84., 142., 115., 116., 102., 135.,
       124., 121., 132., 95., 147., 143., 137. ]
eigenvalues: !!opencv-matrix
   rows: 1
   cols: 1
   dt: d
   data: [ 0. ]
eigenvectors: !!opencv-matrix
   rows: 4096
   cols: 1
   dt: d
   data: [ 0., 0., 0., 0., 0., 0., 0., 0., 0., 0., 0., 0., 0., 0., 0.,
       0., 0., 0., 0., 0., 0., 0., 0., 0., 0., 0., 0., 0., 0., 0., 0.,
       0., 0., 0., 0., 0., 0., 0., 0., 0., 0., 0., 0., 0., 0., 0., 0.,
       0., 0., 0., 0., 0., 0., 0., 0., 0., 0., 0., 0., 0., 0., 0., 0.,
       0., 0., 0., 0., 0., 0., 0., 0., 0., 0., 0., 0., 0., 0., 0., 0.,
       0., 0., 0., 0., 0., 0., 0., 0., 0., 0., 0., 0., 0., 0., 0., 0.,
       0., 0., 0., 0., 0., 0., 0., 0., 0., 0., 0., 0., 0., 0., 0., 0.,
       0., 0., 0., 0., 0., 0., 0., 0., 0., 0., 0., 0., 0., 0., 0., 0.,
       0., 0., 0., 0., 0., 0., 0., 0., 0., 0., 0., 0., 0., 0., 0., 0.,
       0., 0., 0., 0., 0., 0., 0., 0., 0., 0., 0., 0., 0., 0., 0., 0.,
       0., 0., 0., 0., 0., 0., 0., 0., 0., 0., 0., 0., 0., 0., 0., 0.,
       0., 0., 0., 0., 0., 0., 0., 0., 0., 0., 0., 0., 0., 0., 0., 0.,
       0., 0., 0., 0., 0., 0., 0., 0., 0., 0., 0., 0., 0., 0., 0., 0.,
       0., 0., 0., 0., 0., 0., 0., 0., 0., 0., 0., 0., 0., 0., 0., 0.,
       0., 0., 0., 0., 0., 0., 0., 0., 0., 0., 0., 0., 0., 0., 0., 0.,
       0., 0., 0., 0., 0., 0., 0., 0., 0., 0., 0., 0., 0., 0., 0., 0.,
       0., 0., 0., 0., 0., 0., 0., 0., 0., 0., 0., 0., 0., 0., 0., 0.,
       0., 0., 0., 0., 0., 0., 0., 0., 0., 0., 0., 0., 0., 0., 0., 0.,
       0., 0., 0., 0., 0., 0., 0., 0., 0., 0., 0., 0., 0., 0., 0., 0.,
       0., 0., 0., 0., 0., 0., 0., 0., 0., 0., 0., 0., 0., 0., 0., 0.,
       0., 0., 0., 0., 0., 0., 0., 0., 0., 0., 0., 0., 0., 0., 0., 0.,
       0., 0., 0., 0., 0., 0., 0., 0., 0., 0., 0., 0., 0., 0., 0., 0.,
       0., 0., 0., 0., 0., 0., 0., 0., 0., 0., 0., 0., 0., 0., 0., 0.,
       0., 0., 0., 0., 0., 0., 0., 0., 0., 0., 0., 0., 0., 0., 0., 0.,
       0., 0., 0., 0., 0., 0., 0., 0., 0., 0., 0., 0., 0., 0., 0., 0.,
       0., 0., 0., 0., 0., 0., 0., 0., 0., 0., 0., 0., 0., 0., 0., 0.,
       0., 0., 0., 0., 0., 0., 0., 0., 0., 0., 0., 0., 0., 0., 0., 0.,
       0., 0., 0., 0., 0., 0., 0., 0., 0., 0., 0., 0., 0., 0., 0., 0.,
       0., 0., 0., 0., 0., 0., 0., 0., 0., 0., 0., 0., 0., 0., 0., 0.,
       0., 0., 0., 0., 0., 0., 0., 0., 0., 0., 0., 0., 0., 0., 0., 0.,
       0., 0., 0., 0., 0., 0., 0., 0., 0., 0., 0., 0., 0., 0., 0., 0.,
       0., 0., 0., 0., 0., 0., 0., 0., 0., 0., 0., 0., 0., 0., 0., 0.,
       0., 0., 0., 0., 0., 0., 0., 0., 0., 0., 0., 0., 0., 0., 0., 0.,
       0., 0., 0., 0., 0., 0., 0., 0., 0., 0., 0., 0., 0., 0., 0., 0.,
       0., 0., 0., 0., 0., 0., 0., 0., 0., 0., 0., 0., 0., 0., 0., 0.,
       0., 0., 0., 0., 0., 0., 0., 0., 0., 0., 0., 0., 0., 0., 0., 0.,
       0., 0., 0., 0., 0., 0., 0., 0., 0., 0., 0., 0., 0., 0., 0., 0.,
       0., 0., 0., 0., 0., 0., 0., 0., 0., 0., 0., 0., 0., 0., 0., 0.,
       0., 0., 0., 0., 0., 0., 0., 0., 0., 0., 0., 0., 0., 0., 0., 0.,
       0., 0., 0., 0., 0., 0., 0., 0., 0., 0., 0., 0., 0., 0., 0., 0.,
       0., 0., 0., 0., 0., 0., 0., 0., 0., 0., 0., 0., 0., 0., 0., 0.,
       0., 0., 0., 0., 0., 0., 0., 0., 0., 0., 0., 0., 0., 0., 0., 0.,
       0., 0., 0., 0., 0., 0., 0., 0., 0., 0., 0., 0., 0., 0., 0., 0.,
       0., 0., 0., 0., 0., 0., 0., 0., 0., 0., 0., 0., 0., 0., 0., 0.,
       0., 0., 0., 0., 0., 0., 0., 0., 0., 0., 0., 0., 0., 0., 0., 0.,
       0., 0., 0., 0., 0., 0., 0., 0., 0., 0., 0., 0., 0., 0., 0., 0.,
       0., 0., 0., 0., 0., 0., 0., 0., 0., 0., 0., 0., 0., 0., 0., 0.,
       0., 0., 0., 0., 0., 0., 0., 0., 0., 0., 0., 0., 0., 0., 0., 0.,
       0., 0., 0., 0., 0., 0., 0., 0., 0., 0., 0., 0., 0., 0., 0., 0.,
       0., 0., 0., 0., 0., 0., 0., 0., 0., 0., 0., 0., 0., 0., 0., 0.,
       0., 0., 0., 0., 0., 0., 0., 0., 0., 0., 0., 0., 0., 0., 0., 0.,
       0., 0., 0., 0., 0., 0., 0., 0., 0., 0., 0., 0., 0., 0., 0., 0.,
       0., 0., 0., 0., 0., 0., 0., 0., 0., 0., 0., 0., 0., 0., 0., 0.,
       0., 0., 0., 0., 0., 0., 0., 0., 0., 0., 0., 0., 0., 0., 0., 0.,
       0., 0., 0., 0., 0., 0., 0., 0., 0., 0., 0., 0., 0., 0., 0., 0.,
       0., 0., 0., 0., 0., 0., 0., 0., 0., 0., 0., 0., 0., 0., 0., 0.,
       0., 0., 0., 0., 0., 0., 0., 0., 0., 0., 0., 0., 0., 0., 0., 0.,
       0., 0., 0., 0., 0., 0., 0., 0., 0., 0., 0., 0., 0., 0., 0., 0.,
       0., 0., 0., 0., 0., 0., 0., 0., 0., 0., 0., 0., 0., 0., 0., 0.,
       0., 0., 0., 0., 0., 0., 0., 0., 0., 0., 0., 0., 0., 0., 0., 0.,
       0., 0., 0., 0., 0., 0., 0., 0., 0., 0., 0., 0., 0., 0., 0., 0.,
       0., 0., 0., 0., 0., 0., 0., 0., 0., 0., 0., 0., 0., 0., 0., 0.,
       0., 0., 0., 0., 0., 0., 0., 0., 0., 0., 0., 0., 0., 0., 0., 0.,
       0., 0., 0., 0., 0., 0., 0., 0., 0., 0., 0., 0., 0., 0., 0., 0.,
       0., 0., 0., 0., 0., 0., 0., 0., 0., 0., 0., 0., 0., 0., 0., 0.,
       0., 0., 0., 0., 0., 0., 0., 0., 0., 0., 0., 0., 0., 0., 0., 0.,
       0., 0., 0., 0., 0., 0., 0., 0., 0., 0., 0., 0., 0., 0., 0., 0.,
       0., 0., 0., 0., 0., 0., 0., 0., 0., 0., 0., 0., 0., 0., 0., 0.,
       0., 0., 0., 0., 0., 0., 0., 0., 0., 0., 0., 0., 0., 0., 0., 0.,
       0., 0., 0., 0., 0., 0., 0., 0., 0., 0., 0., 0., 0., 0., 0., 0.,
       0., 0., 0., 0., 0., 0., 0., 0., 0., 0., 0., 0., 0., 0., 0., 0.,
       0., 0., 0., 0., 0., 0., 0., 0., 0., 0., 0., 0., 0., 0., 0., 0.,
       0., 0., 0., 0., 0., 0., 0., 0., 0., 0., 0., 0., 0., 0., 0., 0.,
       0., 0., 0., 0., 0., 0., 0., 0., 0., 0., 0., 0., 0., 0., 0., 0.,
       0., 0., 0., 0., 0., 0., 0., 0., 0., 0., 0., 0., 0., 0., 0., 0.,
       0., 0., 0., 0., 0., 0., 0., 0., 0., 0., 0., 0., 0., 0., 0., 0.,
       0., 0., 0., 0., 0., 0., 0., 0., 0., 0., 0., 0., 0., 0., 0., 0.,
       0., 0., 0., 0., 0., 0., 0., 0., 0., 0., 0., 0., 0., 0., 0., 0.,
       0., 0., 0., 0., 0., 0., 0., 0., 0., 0., 0., 0., 0., 0., 0., 0.,
       0., 0., 0., 0., 0., 0., 0., 0., 0., 0., 0., 0., 0., 0., 0., 0.,
       0., 0., 0., 0., 0., 0., 0., 0., 0., 0., 0., 0., 0., 0., 0., 0.,
       0., 0., 0., 0., 0., 0., 0., 0., 0., 0., 0., 0., 0., 0., 0., 0.,
       0., 0., 0., 0., 0., 0., 0., 0., 0., 0., 0., 0., 0., 0., 0., 0.,
       0., 0., 0., 0., 0., 0., 0., 0., 0., 0., 0., 0., 0., 0., 0., 0.,
       0., 0., 0., 0., 0., 0., 0., 0., 0., 0., 0., 0., 0., 0., 0., 0.,
       0., 0., 0., 0., 0., 0., 0., 0., 0., 0., 0., 0., 0., 0., 0., 0.,
       0., 0., 0., 0., 0., 0., 0., 0., 0., 0., 0., 0., 0., 0., 0., 0.,
       0., 0., 0., 0., 0., 0., 0., 0., 0., 0., 0., 0., 0., 0., 0., 0.,
       0., 0., 0., 0., 0., 0., 0., 0., 0., 0., 0., 0., 0., 0., 0., 0.,
       0., 0., 0., 0., 0., 0., 0., 0., 0., 0., 0., 0., 0., 0., 0., 0.,
       0., 0., 0., 0., 0., 0., 0., 0., 0., 0., 0., 0., 0., 0., 0., 0.,
       0., 0., 0., 0., 0., 0., 0., 0., 0., 0., 0., 0., 0., 0., 0., 0.,
       0., 0., 0., 0., 0., 0., 0., 0., 0., 0., 0., 0., 0., 0., 0., 0.,
       0., 0., 0., 0., 0., 0., 0., 0., 0., 0., 0., 0., 0., 0., 0., 0.,
       0., 0., 0., 0., 0., 0., 0., 0., 0., 0., 0., 0., 0., 0., 0., 0.,
       0., 0., 0., 0., 0., 0., 0., 0., 0., 0., 0., 0., 0., 0., 0., 0.,
       0., 0., 0., 0., 0., 0., 0., 0., 0., 0., 0., 0., 0., 0., 0., 0.,
       0., 0., 0., 0., 0., 0., 0., 0., 0., 0., 0., 0., 0., 0., 0., 0.,
       0., 0., 0., 0., 0., 0., 0., 0., 0., 0., 0., 0., 0., 0., 0., 0.,
       0., 0., 0., 0., 0., 0., 0., 0., 0., 0., 0., 0., 0., 0., 0., 0.,
       0., 0., 0., 0., 0., 0., 0., 0., 0., 0., 0., 0., 0., 0., 0., 0.,
       0., 0., 0., 0., 0., 0., 0., 0., 0., 0., 0., 0., 0., 0., 0., 0.,
       0., 0., 0., 0., 0., 0., 0., 0., 0., 0., 0., 0., 0., 0., 0., 0.,
       0., 0., 0., 0., 0., 0., 0., 0., 0., 0., 0., 0., 0., 0., 0., 0.,
       0., 0., 0., 0., 0., 0., 0., 0., 0., 0., 0., 0., 0., 0., 0., 0.,
       0., 0., 0., 0., 0., 0., 0., 0., 0., 0., 0., 0., 0., 0., 0., 0.,
       0., 0., 0., 0., 0., 0., 0., 0., 0., 0., 0., 0., 0., 0., 0., 0.,
       0., 0., 0., 0., 0., 0., 0., 0., 0., 0., 0., 0., 0., 0., 0., 0.,
       0., 0., 0., 0., 0., 0., 0., 0., 0., 0., 0., 0., 0., 0., 0., 0.,
       0., 0., 0., 0., 0., 0., 0., 0., 0., 0., 0., 0., 0., 0., 0., 0.,
       0., 0., 0., 0., 0., 0., 0., 0., 0., 0., 0., 0., 0., 0., 0., 0.,
       0., 0., 0., 0., 0., 0., 0., 0., 0., 0., 0., 0., 0., 0., 0., 0.,
       0., 0., 0., 0., 0., 0., 0., 0., 0., 0., 0., 0., 0., 0., 0., 0.,
       0., 0., 0., 0., 0., 0., 0., 0., 0., 0., 0., 0., 0., 0., 0., 0.,
       0., 0., 0., 0., 0., 0., 0., 0., 0., 0., 0., 0., 0., 0., 0., 0.,
       0., 0., 0., 0., 0., 0., 0., 0., 0., 0., 0., 0., 0., 0., 0., 0.,
       0., 0., 0., 0., 0., 0., 0., 0., 0., 0., 0., 0., 0., 0., 0., 0.,
       0., 0., 0., 0., 0., 0., 0., 0., 0., 0., 0., 0., 0., 0., 0., 0.,
       0., 0., 0., 0., 0., 0., 0., 0., 0., 0., 0., 0., 0., 0., 0., 0.,
       0., 0., 0., 0., 0., 0., 0., 0., 0., 0., 0., 0., 0., 0., 0., 0.,
       0., 0., 0., 0., 0., 0., 0., 0., 0., 0., 0., 0., 0., 0., 0., 0.,
       0., 0., 0., 0., 0., 0., 0., 0., 0., 0., 0., 0., 0., 0., 0., 0.,
       0., 0., 0., 0., 0., 0., 0., 0., 0., 0., 0., 0., 0., 0., 0., 0.,
       0., 0., 0., 0., 0., 0., 0., 0., 0., 0., 0., 0., 0., 0., 0., 0.,
       0., 0., 0., 0., 0., 0., 0., 0., 0., 0., 0., 0., 0., 0., 0., 0.,
       0., 0., 0., 0., 0., 0., 0., 0., 0., 0., 0., 0., 0., 0., 0., 0.,
       0., 0., 0., 0., 0., 0., 0., 0., 0., 0., 0., 0., 0., 0., 0., 0.,
       0., 0., 0., 0., 0., 0., 0., 0., 0., 0., 0., 0., 0., 0., 0., 0.,
       0., 0., 0., 0., 0., 0., 0., 0., 0., 0., 0., 0., 0., 0., 0., 0.,
       0., 0., 0., 0., 0., 0., 0., 0., 0., 0., 0., 0., 0., 0., 0., 0.,
       0., 0., 0., 0., 0., 0., 0., 0., 0., 0., 0., 0., 0., 0., 0., 0.,
       0., 0., 0., 0., 0., 0., 0., 0., 0., 0., 0., 0., 0., 0., 0., 0.,
       0., 0., 0., 0., 0., 0., 0., 0., 0., 0., 0., 0., 0., 0., 0., 0.,
       0., 0., 0., 0., 0., 0., 0., 0., 0., 0., 0., 0., 0., 0., 0., 0.,
       0., 0., 0., 0., 0., 0., 0., 0., 0., 0., 0., 0., 0., 0., 0., 0.,
       0., 0., 0., 0., 0., 0., 0., 0., 0., 0., 0., 0., 0., 0., 0., 0.,
       0., 0., 0., 0., 0., 0., 0., 0., 0., 0., 0., 0., 0., 0., 0., 0.,
       0., 0., 0., 0., 0., 0., 0., 0., 0., 0., 0., 0., 0., 0., 0., 0.,
       0., 0., 0., 0., 0., 0., 0., 0., 0., 0., 0., 0., 0., 0., 0., 0.,
       0., 0., 0., 0., 0., 0., 0., 0., 0., 0., 0., 0., 0., 0., 0., 0.,
       0., 0., 0., 0., 0., 0., 0., 0., 0., 0., 0., 0., 0., 0., 0., 0.,
       0., 0., 0., 0., 0., 0., 0., 0., 0., 0., 0., 0., 0., 0., 0., 0.,
       0., 0., 0., 0., 0., 0., 0., 0., 0., 0., 0., 0., 0., 0., 0., 0.,
       0., 0., 0., 0., 0., 0., 0., 0., 0., 0., 0., 0., 0., 0., 0., 0.,
       0., 0., 0., 0., 0., 0., 0., 0., 0., 0., 0., 0., 0., 0., 0., 0.,
       0., 0., 0., 0., 0., 0., 0., 0., 0., 0., 0., 0., 0., 0., 0., 0.,
       0., 0., 0., 0., 0., 0., 0., 0., 0., 0., 0., 0., 0., 0., 0., 0.,
       0., 0., 0., 0., 0., 0., 0., 0., 0., 0., 0., 0., 0., 0., 0., 0.,
       0., 0., 0., 0., 0., 0., 0., 0., 0., 0., 0., 0., 0., 0., 0., 0.,
       0., 0., 0., 0., 0., 0., 0., 0., 0., 0., 0., 0., 0., 0., 0., 0.,
       0., 0., 0., 0., 0., 0., 0., 0., 0., 0., 0., 0., 0., 0., 0., 0.,
       0., 0., 0., 0., 0., 0., 0., 0., 0., 0., 0., 0., 0., 0., 0., 0.,
       0., 0., 0., 0., 0., 0., 0., 0., 0., 0., 0., 0., 0., 0., 0., 0.,
       0., 0., 0., 0., 0., 0., 0., 0., 0., 0., 0., 0., 0., 0., 0., 0.,
       0., 0., 0., 0., 0., 0., 0., 0., 0., 0., 0., 0., 0., 0., 0., 0.,
       0., 0., 0., 0., 0., 0., 0., 0., 0., 0., 0., 0., 0., 0., 0., 0.,
       0., 0., 0., 0., 0., 0., 0., 0., 0., 0., 0., 0., 0., 0., 0., 0.,
       0., 0., 0., 0., 0., 0., 0., 0., 0., 0., 0., 0., 0., 0., 0., 0.,
       0., 0., 0., 0., 0., 0., 0., 0., 0., 0., 0., 0., 0., 0., 0., 0.,
       0., 0., 0., 0., 0., 0., 0., 0., 0., 0., 0., 0., 0., 0., 0., 0.,
       0., 0., 0., 0., 0., 0., 0., 0., 0., 0., 0., 0., 0., 0., 0., 0.,
       0., 0., 0., 0., 0., 0., 0., 0., 0., 0., 0., 0., 0., 0., 0., 0.,
       0., 0., 0., 0., 0., 0., 0., 0., 0., 0., 0., 0., 0., 0., 0., 0.,
       0., 0., 0., 0., 0., 0., 0., 0., 0., 0., 0., 0., 0., 0., 0., 0.,
       0., 0., 0., 0., 0., 0., 0., 0., 0., 0., 0., 0., 0., 0., 0., 0.,
       0., 0., 0., 0., 0., 0., 0., 0., 0., 0., 0., 0., 0., 0., 0., 0.,
       0., 0., 0., 0., 0., 0., 0., 0., 0., 0., 0., 0., 0., 0., 0., 0.,
       0., 0., 0., 0., 0., 0., 0., 0., 0., 0., 0., 0., 0., 0., 0., 0.,
       0., 0., 0., 0., 0., 0., 0., 0., 0., 0., 0., 0., 0., 0., 0., 0.,
       0., 0., 0., 0., 0., 0., 0., 0., 0., 0., 0., 0., 0., 0., 0., 0.,
       0., 0., 0., 0., 0., 0., 0., 0., 0., 0., 0., 0., 0., 0., 0., 0.,
       0., 0., 0., 0., 0., 0., 0., 0., 0., 0., 0., 0., 0., 0., 0., 0.,
       0., 0., 0., 0., 0., 0., 0., 0., 0., 0., 0., 0., 0., 0., 0., 0.,
       0., 0., 0., 0., 0., 0., 0., 0., 0., 0., 0., 0., 0., 0., 0., 0.,
       0., 0., 0., 0., 0., 0., 0., 0., 0., 0., 0., 0., 0., 0., 0., 0.,
       0., 0., 0., 0., 0., 0., 0., 0., 0., 0., 0., 0., 0., 0., 0., 0.,
       0., 0., 0., 0., 0., 0., 0., 0., 0., 0., 0., 0., 0., 0., 0., 0.,
       0., 0., 0., 0., 0., 0., 0., 0., 0., 0., 0., 0., 0., 0., 0., 0.,
       0., 0., 0., 0., 0., 0., 0., 0., 0., 0., 0., 0., 0., 0., 0., 0.,
       0., 0., 0., 0., 0., 0., 0., 0., 0., 0., 0., 0., 0., 0., 0., 0.,
       0., 0., 0., 0., 0., 0., 0., 0., 0., 0., 0., 0., 0., 0., 0., 0.,
       0., 0., 0., 0., 0., 0., 0., 0., 0., 0., 0., 0., 0., 0., 0., 0.,
       0., 0., 0., 0., 0., 0., 0., 0., 0., 0., 0., 0., 0., 0., 0., 0.,
       0., 0., 0., 0., 0., 0., 0., 0., 0., 0., 0., 0., 0., 0., 0., 0.,
       0., 0., 0., 0., 0., 0., 0., 0., 0., 0., 0., 0., 0., 0., 0., 0.,
       0., 0., 0., 0., 0., 0., 0., 0., 0., 0., 0., 0., 0., 0., 0., 0.,
       0., 0., 0., 0., 0., 0., 0., 0., 0., 0., 0., 0., 0., 0., 0., 0.,
       0., 0., 0., 0., 0., 0., 0., 0., 0., 0., 0., 0., 0., 0., 0., 0.,
       0., 0., 0., 0., 0., 0., 0., 0., 0., 0., 0., 0., 0., 0., 0., 0.,
       0., 0., 0., 0., 0., 0., 0., 0., 0., 0., 0., 0., 0., 0., 0., 0.,
       0., 0., 0., 0., 0., 0., 0., 0., 0., 0., 0., 0., 0., 0., 0., 0.,
       0., 0., 0., 0., 0., 0., 0., 0., 0., 0., 0., 0., 0., 0., 0., 0.,
       0., 0., 0., 0., 0., 0., 0., 0., 0., 0., 0., 0., 0., 0., 0., 0.,
       0., 0., 0., 0., 0., 0., 0., 0., 0., 0., 0., 0., 0., 0., 0., 0.,
       0., 0., 0., 0., 0., 0., 0., 0., 0., 0., 0., 0., 0., 0., 0., 0.,
       0., 0., 0., 0., 0., 0., 0., 0., 0., 0., 0., 0., 0., 0., 0., 0.,
       0., 0., 0., 0., 0., 0., 0., 0., 0., 0., 0., 0., 0., 0., 0., 0.,
       0., 0., 0., 0., 0., 0., 0., 0., 0., 0., 0., 0., 0., 0., 0., 0.,
       0., 0., 0., 0., 0., 0., 0., 0., 0., 0., 0., 0., 0., 0., 0., 0.,
       0., 0., 0., 0., 0., 0., 0., 0., 0., 0., 0., 0., 0., 0., 0., 0.,
       0., 0., 0., 0., 0., 0., 0., 0., 0., 0., 0., 0., 0., 0., 0., 0.,
       0., 0., 0., 0., 0., 0., 0., 0., 0., 0., 0., 0., 0., 0., 0., 0.,
       0., 0., 0., 0., 0., 0., 0., 0., 0., 0., 0., 0., 0., 0., 0., 0.,
       0., 0., 0., 0., 0., 0., 0., 0., 0., 0., 0., 0., 0., 0., 0., 0.,
       0., 0., 0., 0., 0., 0., 0., 0., 0., 0., 0., 0., 0., 0., 0., 0.,
       0., 0., 0., 0., 0., 0., 0., 0., 0., 0., 0., 0., 0., 0., 0., 0.,
       0., 0., 0., 0., 0., 0., 0., 0., 0., 0., 0., 0., 0., 0., 0., 0.,
       0., 0., 0., 0., 0., 0., 0., 0., 0., 0., 0., 0., 0., 0., 0., 0.,
       0., 0., 0., 0., 0., 0., 0., 0., 0., 0., 0., 0., 0., 0., 0., 0.,
       0., 0., 0., 0., 0., 0., 0., 0., 0., 0., 0., 0., 0., 0., 0., 0.,
       0., 0., 0., 0., 0., 0., 0., 0., 0., 0., 0., 0., 0., 0., 0., 0.,
       0., 0., 0., 0., 0., 0., 0., 0., 0., 0., 0., 0., 0., 0., 0., 0.,
       0., 0., 0., 0., 0., 0., 0., 0., 0., 0., 0., 0., 0., 0., 0., 0.,
       0., 0., 0., 0., 0., 0., 0., 0., 0., 0., 0., 0., 0., 0., 0., 0.,
       0., 0., 0., 0., 0., 0., 0., 0., 0., 0., 0., 0., 0., 0., 0., 0.,
       0., 0., 0., 0., 0., 0., 0., 0., 0., 0., 0., 0., 0., 0., 0., 0.,
       0., 0., 0., 0., 0., 0., 0., 0., 0., 0., 0., 0., 0., 0., 0., 0.,
       0., 0., 0., 0., 0., 0., 0., 0., 0., 0., 0., 0., 0., 0., 0., 0.,
       0., 0., 0., 0., 0., 0., 0., 0., 0., 0., 0., 0., 0., 0., 0., 0.,
       0., 0., 0., 0., 0., 0., 0., 0., 0., 0., 0., 0., 0., 0., 0., 0.,
       0., 0., 0., 0., 0., 0., 0., 0., 0., 0., 0., 0., 0., 0., 0., 0.,
       0., 0., 0., 0., 0., 0., 0., 0., 0., 0., 0., 0., 0., 0., 0., 0.,
       0., 0., 0., 0., 0., 0., 0., 0., 0., 0., 0., 0., 0., 0., 0., 0.,
       0., 0., 0., 0., 0., 0., 0., 0., 0., 0., 0., 0., 0., 0., 0., 0.,
       0., 0., 0., 0., 0., 0., 0., 0., 0., 0., 0., 0., 0., 0., 0., 0.,
       0., 0., 0., 0., 0., 0., 0., 0., 0., 0., 0., 0., 0., 0., 0., 0.,
       0., 0., 0., 0., 0., 0., 0., 0., 0., 0., 0., 0., 0., 0., 0., 0.,
       0., 0., 0., 0., 0., 0., 0., 0., 0., 0., 0., 0., 0., 0., 0., 0.,
       0., 0., 0., 0., 0., 0., 0., 0., 0., 0., 0., 0., 0., 0., 0., 0.,
       0., 0., 0., 0., 0., 0., 0., 0., 0., 0., 0., 0., 0., 0., 0., 0.,
       0., 0., 0., 0., 0., 0., 0., 0., 0., 0., 0., 0., 0., 0., 0., 0.,
       0., 0., 0., 0., 0., 0., 0., 0., 0., 0., 0., 0., 0., 0., 0., 0.,
       0., 0., 0., 0., 0., 0., 0., 0., 0., 0., 0., 0., 0., 0., 0., 0.,
       0., 0., 0., 0., 0., 0., 0., 0., 0., 0., 0., 0., 0., 0., 0., 0.,
       0., 0., 0., 0., 0., 0., 0., 0., 0., 0., 0., 0., 0., 0., 0., 0.,
       0., 0., 0., 0., 0., 0., 0., 0., 0., 0., 0., 0., 0., 0., 0., 0.,
       0., 0., 0., 0., 0., 0., 0., 0., 0., 0., 0., 0., 0., 0., 0., 0.,
       0., 0., 0., 0., 0., 0., 0., 0., 0., 0., 0., 0., 0., 0., 0., 0.,
       0., 0., 0., 0., 0., 0., 0., 0., 0., 0., 0., 0., 0., 0., 0., 0.,
       0., 0., 0., 0., 0., 0., 0., 0., 0., 0., 0., 0., 0., 0., 0., 0.,
       0., 0., 0., 0., 0., 0., 0., 0., 0., 0., 0., 0., 0., 0., 0., 0.,
       0., 0., 0., 0., 0., 0., 0., 0., 0., 0., 0., 0., 0., 0., 0., 0.,
       0., 0., 0., 0., 0., 0., 0., 0., 0., 0., 0., 0., 0., 0., 0., 0.,
       0., 0., 0., 0., 0., 0., 0., 0., 0., 0., 0., 0., 0., 0., 0., 0.,
       0., 0., 0., 0., 0., 0., 0., 0., 0., 0., 0., 0., 0., 0., 0., 0.,
       0., 0., 0., 0., 0., 0., 0., 0., 0., 0., 0., 0., 0., 0., 0., 0.,
       0., 0., 0., 0., 0., 0., 0., 0., 0., 0., 0., 0., 0., 0., 0., 0.,
       0., 0., 0., 0., 0., 0., 0., 0., 0., 0., 0., 0., 0., 0., 0., 0.,
       0., 0., 0., 0., 0., 0., 0., 0., 0., 0., 0., 0., 0., 0., 0., 0.,
       0., 0., 0., 0., 0., 0., 0., 0., 0., 0., 0., 0., 0., 0., 0., 0.,
       0., 0., 0., 0., 0., 0., 0., 0., 0., 0., 0., 0., 0., 0., 0., 0.,
       0., 0., 0., 0., 0., 0., 0., 0., 0., 0., 0., 0., 0., 0., 0., 0.,
       0., 0., 0., 0., 0., 0., 0., 0., 0., 0., 0., 0., 0., 0., 0., 0.,
       0., 0., 0., 0., 0., 0., 0., 0., 0., 0., 0., 0., 0., 0., 0., 0.,
       0., 0., 0., 0., 0., 0., 0., 0., 0., 0., 0., 0., 0., 0., 0., 0.,
       0., 0., 0., 0., 0., 0., 0., 0., 0., 0., 0., 0., 0., 0., 0., 0.,
       0. ]
projections:
   - !!opencv-matrix
      rows: 1
      cols: 1
      dt: d
      data: [ 0. ]
labels: !!opencv-matrix
   rows: 1
   cols: 1
   dt: i
   data: [ 1 ]
labelsInfo:
   []
